1 1166.7 107.095
2 1269.24 105.75
3 693.7550000000001 145.93
4 853.4100000000001 175.98000000000002
5 1011.445 207.23000000000002
6 1324.5 228.16000000000003
7 695.0999999999999 303.64
8 1168.8049999999998 238.59500000000003
9 854.585 335.555
10 1012.37 366.155
11 1170.3600000000001 395.66999999999996
12 1328.155 387.54499999999996
13 106.35 561.795
14 286.235 562.205
15 463.925 564.395
16 698.6949999999999 581.495
17 857.9749999999999 581.1800000000001
18 1016.95 578.845
19 104.78 737.8050000000001
20 284.71 740.5
21 461.64 741.565
22 702.81 741.5699999999999
23 858.365 739.665
24 1018.29 736.885
25 861.1349999999999 896.5
26 1020.2950000000001 894.6099999999999
