1 103.50059999999999 143.500272
2 270.4996 144.499968
3 436.0006 146.999916
4 597.5004 147.499764
5 837.4996 148.00032000000002
6 1045.5004 146.500068
7 1256.0002 145.499664
8 105.4998 304.000332
9 271.50059999999996 302.999928
10 437.0002 304.000332
11 598.0002 305.000028
12 1257.9994 354.499848
13 839.5002000000001 356.99979600000006
14 1048.5005999999998 358.0002
15 105.4998 458.99994000000004
16 271.50059999999996 458.99994000000004
17 438.9994 460.500192
18 599.4996 461.499888
19 1039.5 547.49994
20 440.0004 617.000052
21 601.0004 598.0001639999999
22 107.00059999999999 615.4997999999999
23 273.9996 615.9996480000001
