1 328.775 144.98
2 511.97999999999996 144.645
3 695.1849999999998 141.225
4 1001.625 147.475
5 1257.405 189.58499999999998
6 181.41000000000003 258.85
7 448.90500000000003 316.36
8 702.8449999999999 358.575
9 850.73 252.925
10 1107.6 296.77
11 300.225 422.085
12 554.565 463.52
13 809.35 507.51499999999993
14 956.08 404.03499999999997
15 256.755 677.395
16 404.69999999999993 569.995
17 660.0699999999999 613.255
18 107.06999999999998 780.425
19 361.2799999999999 824.8199999999999
20 510.315 719.865
21 212.825 930.38
22 899.1500000000002 925.125
23 695.7049999999999 1067.72
24 1023.4300000000001 1125.975
25 492.785 1211.3000000000002
26 835.6600000000001 1269.25
27 286.7 1350.995
28 631.365 1412.6100000000001
29 102.04499999999999 1482.3600000000001
