1 461.90000000000003 158.005
2 637.125 128.595
3 772.025 129.985
4 947.77 153.64499999999998
5 1317.825 149.225
6 149.555 204.66500000000002
7 636.7049999999999 239.12999999999997
8 771.8050000000001 237.96000000000004
9 1477.3200000000002 188.04
10 1321.135 312.735
11 139.125 312.235
12 260.145 311.685
13 653.3199999999999 351.805
14 772.25 347.825
15 950.5050000000001 316.67
16 1477.93 352.475
17 141.635 420.99
18 275.005 421.735
19 773.63 459.925
20 141.735 531.65
21 277.615 532.78
22 119.58500000000001 730.4449999999999
23 250.45000000000005 729.135
24 378.475 731.125
25 504.54499999999996 729.77
26 664.76 727.905
