1 559.2850000000001 103.25999999999999
2 725.46 102.67000000000002
3 892.74 103.80000000000001
4 559.845 261.345
5 726.95 260.92
6 895.245 263.4
7 1061.1 263.26
8 1179.695 331.78499999999997
9 1049.115 373.815
10 562.175 417.2
11 727.33 419.025
12 895.23 419.755
13 90.57999999999998 475.04
14 241.425 492.42
15 391.70500000000004 477.965
16 1050.39 486.66
17 106.24499999999999 611.63
18 373.65999999999997 612.97
19 562.075 576.7
20 729.6 578.21
21 897.505 574.7950000000001
22 240.77 627.2750000000001
