1 531.955 194.41000000000003
2 1192.185 191.535
3 1773.875 171.755
4 163.45499999999998 249.53500000000003
5 608.34 373.845
6 966.78 346.765
7 1455.2350000000001 251.50499999999997
8 1773.0 393.71500000000003
9 1857.835 283.04999999999995
10 2007.6049999999998 326.83500000000004
11 163.03 444.365
12 1177.325 519.125
13 1454.315 524.2149999999999
14 1855.94 505.79
15 2067.21 495.61000000000007
16 161.69 641.8050000000001
17 530.795 554.545
18 663.5699999999999 693.515
19 1775.945 701.1500000000001
20 172.535 881.7
21 558.72 866.88
22 774.0799999999999 858.3399999999999
23 1763.98 913.035
24 177.81 1082.235
25 1764.995 1036.26
26 634.9549999999999 1220.61
27 824.7950000000001 1188.005
28 1749.29 1227.52
29 445.765 1285.295
30 849.275 1381.895
31 1753.26 1437.81
32 167.66500000000002 1453.1
33 504.635 1466.94
34 694.05 1503.055
